262144000S,0C
2820 1
       -2820           -1
1903 1
       -1903           -1
1806 1
1797 1
       -3603           -2
4124 1
       -4124           -1
17458 1
      -17458           -1
5651 1
       -5651           -1
7572 1
       -7572           -1
5536 1
       -5536           -1
5518 1
       -5518           -1
5530 1
       -5530           -1
1334 1
       -1334           -1
1072 1
       -1072           -1
6526 1
       -6526           -1
1410 1
       -1410           -1
1451 1
1645 1
3425 1
       -6521           -3
7747 1
1465 1
1516 1
2024 1
1392 1
1484 1
1444 1
1417 1
1482 1
1420 1
1412 1
1553 1
1491 1
1455 1
1465 1
