0S,0C
0 0
877 1
2040 1
2009 1
2136 1
2110 1
2281 1
2596 1
2596 1
2596 1
2596 1
2596 1
2596 1
20906 1
        -877           -1
       -2040           -1
       -2009           -1
       -2136           -1
       -2110           -1
       -2281           -1
       -2596           -1
       -2596           -1
       -2596           -1
       -2596           -1
       -2596           -1
       -2596           -1
      -20906           -1
21439 1
1313 1
1313 1
1313 1
21568 1
21406 1
2866 1
21406 1
2866 1
21499 1
2999 1
21503 1
2993 1
2943 1
